f1(100,340,110,340,110,370,100,370,3,0)
c1(100,340,100,370,110,370,110,340,40,0)
f2(110,340,120,340,120,370,110,370,6,0)
c2(110,340,110,370,120,370,120,340,40,0)
f3(120,340,130,350,130,370,120,370,9,0)
c3(120,340,120,370,130,370,130,350,40,0)
f4(130,350,140,350,140,370,130,370,12,0)
c4(130,350,130,370,140,370,140,350,40,0)
f5(140,350,150,340,160,390,140,370,15,0)
c5(140,350,140,370,160,390,150,340,40,0)
f6(150,340,190,340,190,390,160,390,18,0)
c6(150,340,160,390,190,390,190,340,40,0)
f7(70,390,100,340,100,370,70,440,0,0)
c7(70,390,70,440,100,370,100,340,40,0)
f8(100,370,110,370,110,450,70,440,0,0)
c8(100,370,70,440,110,450,110,370,40,0)
f9(110,370,120,370,120,452,110,450,0,0)
c9(110,370,110,450,120,452,120,370,40,0)
f10(120,370,130,370,130,454,120,452,0,0)
c10(120,370,120,452,130,454,130,370,40,0)
f11(130,370,140,370,150,455,130,454,0,0)
c11(130,370,130,454,150,455,140,370,40,0)
f12(140,370,160,390,200,460,150,455,0,0)
c12(140,370,150,455,200,460,160,390,40,0)
f13(160,390,190,390,250,430,200,460,0,0)
c13(160,390,200,460,250,430,190,390,40,0)
f14(190,390,230,390,260,390,250,430,0,0)
c14(190,390,250,430,260,390,230,390,40,0)
f15(190,340,220,350,230,390,190,390,0,0)
c15(190,340,190,390,230,390,220,350,40,0)
f16(240,340,260,340,260,390,230,390,-3,0)
c16(240,340,230,390,260,390,260,340,34,0)
f17(230,300,240,260,260,340,240,340,-6,0)
c17(230,300,240,340,260,340,240,260,28,0)
f18(220,260,240,260,230,300,210,280,-9,0)
c18(220,260,210,280,230,300,240,260,22,0)
f19(200,210,220,260,210,280,160,280,-12,0)
c19(200,210,160,280,210,280,220,260,16,0)
f20(80,160,200,210,160,280,70,250,-15,0)
c20(80,160,70,250,160,280,200,210,40,0)
w1(100,340,110,340,3,37,0)
w2(110,340,120,340,6,34,0)
w3(120,340,130,350,9,31,0)
w4(130,350,140,350,12,28,0)
w5(140,350,150,340,15,25,0)
w6(150,340,190,340,18,22,0)
w7(190,390,190,340,0,18,0)
w8(160,390,190,390,0,18,0)
w9(140,370,160,390,0,15,0)
w10(130,370,140,370,0,12,0)
w11(120,370,130,370,0,9,0)
w12(110,370,120,370,0,6,0)
w13(100,370,110,370,0,3,0)
w14(100,340,100,370,0,3,0)
w15(110,340,110,370,3,3,0)
w16(120,340,120,370,6,3,0)
w17(130,350,130,370,9,3,0)
w18(140,350,140,370,12,3,0)
w19(150,340,160,390,15,3,0)
w20(190,340,220,350,0,40,0)
w21(220,350,230,390,0,40,0)
w22(230,390,240,340,-3,37,0)
w23(240,340,230,300,-6,34,0)
w24(230,300,210,280,-9,31,0)
w25(210,280,160,280,-12,28,0)
w26(160,280,70,250,-15,55,0)
w27(70,250,80,160,-15,55,0)
w28(80,160,200,210,-15,55,0)
w29(200,210,220,260,-12,28,0)
w30(220,260,240,260,-9,31,0)
w31(240,260,260,340,-6,34,0)
w32(260,340,260,390,-3,37,0)
w33(260,390,250,430,0,40,0)
w34(250,430,200,460,0,40,0)
w35(200,460,150,455,0,40,0)
w36(150,455,130,454,0,40,0)
w37(130,454,120,452,0,40,0)
w38(120,452,110,450,0,40,0)
w39(110,450,70,440,0,40,0)
w40(70,440,70,390,0,40,0)
w41(70,390,100,340,0,40,0)
w42(240,340,260,340,28,6,0)
w43(230,390,260,390,34,6,0)
w44(230,300,240,260,22,6,0)
w45(210,280,220,260,16,6,0)
w46(200,210,160,280,-15,3,0)
w47(200,210,160,280,16,24,0)
w48(220,260,210,280,-12,3,0)
w49(240,260,230,300,-9,3,0)
w50(260,340,240,340,-6,3,0)
w51(260,390,230,390,-3,3,0)
l1(120,410,1,0,0,0)
l2(170,350,39,0,0,0)
l3(220,420,1,0,0,0)
l4(250,330,-5,0,0,0)
l5(180,260,-11,0,0,0)
l6(100,220,-14,0,0,0)
l7(140,240,39,0,0,0)
l8(240,270,21,0,0,0)
l9(240,410,39,0,0,0)
l10(160,430,39,0,0,0)
l11(180,280,39,0,0,0)
l12(250,360,33,0,0,0)
p(100,410,0)
